599.75 0.1022
600.72 0.1030
601.68 0.1035
602.64 0.1039
603.61 0.1041
604.57 0.1044
605.54 0.1044
606.50 0.1044
607.47 0.1041
608.43 0.1034
609.39 0.1025
610.36 0.1018
611.32 0.1012
612.29 0.1007
613.25 0.1000
614.22 0.0993
615.18 0.0987
616.14 0.0982
617.11 0.0977
618.07 0.0970
619.04 0.0962
620.00 0.0957
620.97 0.0952
621.93 0.0947
622.89 0.0944
623.86 0.0944
624.82 0.0943
625.79 0.0940
626.75 0.0936
627.71 0.0936
628.68 0.0937
629.64 0.0939
630.61 0.0940
631.57 0.0941
632.54 0.0942
633.50 0.0942
634.46 0.0943
635.43 0.0946
636.39 0.0951
637.36 0.0957
638.32 0.0963
639.29 0.0971
640.25 0.0979
641.21 0.0985
642.18 0.0993
643.14 0.1005
644.11 0.1019
645.07 0.1033
646.04 0.1047
647.00 0.1062
647.96 0.1079
648.93 0.1096
649.89 0.1112
650.86 0.1130
651.82 0.1149
652.79 0.1169
653.75 0.1190
654.71 0.1213
655.68 0.1237
656.64 0.1261
657.61 0.1286
658.57 0.1311
659.53 0.1338
660.50 0.1367
661.46 0.1397
662.43 0.1429
663.39 0.1462
664.36 0.1497
665.32 0.1532
666.28 0.1573
667.25 0.1642
668.21 0.1727
669.18 0.1762
670.14 0.1773
671.11 0.1800
672.07 0.1845
673.03 0.1894
674.00 0.1941
674.96 0.1992
675.93 0.2043
676.89 0.2092
677.86 0.2142
678.82 0.2194
679.78 0.2243
680.75 0.2292
681.71 0.2341
682.68 0.2388
683.64 0.2434
684.61 0.2480
685.57 0.2526
686.53 0.2570
687.50 0.2612
688.46 0.2651
689.43 0.2688
690.39 0.2725
691.35 0.2763
692.32 0.2798
693.28 0.2833
694.25 0.2870
695.21 0.2908
696.18 0.2946
697.14 0.2985
698.10 0.3024
699.07 0.3062
700.03 0.3101
701.00 0.3141
701.96 0.3180
702.93 0.3221
703.89 0.3266
704.85 0.3313
705.82 0.3362
706.78 0.3412
707.75 0.3463
708.71 0.3516
709.68 0.3571
710.64 0.3627
711.60 0.3682
712.57 0.3738
713.53 0.3796
714.50 0.3855
715.46 0.3914
716.42 0.3975
717.39 0.4039
718.35 0.4104
719.32 0.4169
720.28 0.4230
721.25 0.4273
722.21 0.4290
723.17 0.4276
724.14 0.4231
725.10 0.4161
726.07 0.4070
727.03 0.3965
728.00 0.3853
728.96 0.3737
729.92 0.3622
730.89 0.3506
731.85 0.3392
732.82 0.3279
733.78 0.3166
734.75 0.3053
735.71 0.2941
736.67 0.2831
737.64 0.2725
738.60 0.2622
739.57 0.2522
740.53 0.2428
741.50 0.2336
742.46 0.2248
743.42 0.2162
744.39 0.2080
745.35 0.2001
746.32 0.1925
747.28 0.1853
748.24 0.1785
749.21 0.1720
750.17 0.1658
751.14 0.1600
752.10 0.1546
753.07 0.1496
754.03 0.1450
754.99 0.1408
755.96 0.1371
756.92 0.1335
757.89 0.1302
758.85 0.1270
759.82 0.1240
760.78 0.1210
761.74 0.1180
762.71 0.1151
763.67 0.1125
764.64 0.1100
765.60 0.1077
766.57 0.1056
767.53 0.1036
768.49 0.1018
769.46 0.1001
770.42 0.0986
771.39 0.0972
772.35 0.0959
773.32 0.0947
774.28 0.0935
775.24 0.0925
776.21 0.0917
777.17 0.0911
778.14 0.0906
779.10 0.0902
780.06 0.0900
781.03 0.0898
781.99 0.0898
782.96 0.0900
783.92 0.0904
784.89 0.0909
785.85 0.0917
786.81 0.0927
787.78 0.0938
788.74 0.0951
789.71 0.0965
790.67 0.0977
791.64 0.0986
792.60 0.0988
793.56 0.0983
794.53 0.0971
795.49 0.0952
796.46 0.0930
797.42 0.0908
798.39 0.0886
799.35 0.0866
800.31 0.0847
801.28 0.0831
802.24 0.0817
803.21 0.0805
804.17 0.0793
805.14 0.0783
806.10 0.0774
807.06 0.0767
808.03 0.0760
808.99 0.0754
809.96 0.0749
810.92 0.0746
811.88 0.0744
812.85 0.0743
813.81 0.0744
814.78 0.0745
815.74 0.0748
816.71 0.0754
817.67 0.0761
818.63 0.0769
819.60 0.0778
820.56 0.0788
821.53 0.0800
822.49 0.0813
823.46 0.0824
824.42 0.0836
825.38 0.0847
826.35 0.0859
827.31 0.0870
828.28 0.0880
829.24 0.0891
830.21 0.0902
831.17 0.0912
832.13 0.0923
833.10 0.0934
834.06 0.0945
835.03 0.0955
835.99 0.0965
836.95 0.0976
837.92 0.0987
838.88 0.0996
839.85 0.1005
840.81 0.1014
841.78 0.1022
842.74 0.1029
843.70 0.1035
844.67 0.1040
845.63 0.1044
846.60 0.1047
847.56 0.1050
848.53 0.1052
849.49 0.1055
850.45 0.1058
851.42 0.1062
852.38 0.1068
853.35 0.1075
854.31 0.1082
855.28 0.1090
856.24 0.1100
857.20 0.1112
858.17 0.1126
859.13 0.1142
860.10 0.1161
861.06 0.1184
862.03 0.1210
862.99 0.1236
863.95 0.1260
864.92 0.1278
865.88 0.1288
866.85 0.1290
867.81 0.1283
868.77 0.1271
869.74 0.1257
870.70 0.1244
871.67 0.1232
872.63 0.1223
873.60 0.1216
874.56 0.1210
875.52 0.1207
876.49 0.1206
877.45 0.1208
878.42 0.1210
879.38 0.1214
880.35 0.1220
881.31 0.1227
882.27 0.1237
883.24 0.1249
884.20 0.1263
885.17 0.1278
886.13 0.1294
887.10 0.1311
888.06 0.1328
889.02 0.1345
889.99 0.1361
890.95 0.1378
891.92 0.1395
892.88 0.1411
893.85 0.1427
894.81 0.1444
895.77 0.1462
896.74 0.1480
897.70 0.1498
898.67 0.1517
899.63 0.1538
900.59 0.1559
901.56 0.1581
902.52 0.1604
903.49 0.1628
904.45 0.1652
905.42 0.1678
906.38 0.1704
907.34 0.1733
908.31 0.1763
909.27 0.1794
910.24 0.1824
911.20 0.1852
912.17 0.1879
913.13 0.1904
914.09 0.1924
915.06 0.1940
916.02 0.1951
916.99 0.1959
917.95 0.1963
918.92 0.1964
919.88 0.1964
920.84 0.1965
921.81 0.1965
922.77 0.1966
923.74 0.1967
924.70 0.1969
925.66 0.1972
926.63 0.1976
927.59 0.1980
928.56 0.1984
929.52 0.1989
930.49 0.1996
931.45 0.2004
932.41 0.2012
933.38 0.2020
934.34 0.2028
935.31 0.2036
936.27 0.2042
937.24 0.2047
938.20 0.2048
939.16 0.2046
940.13 0.2042
941.09 0.2035
942.06 0.2024
943.02 0.2011
943.99 0.1994
944.95 0.1976
945.91 0.1956
946.88 0.1934
947.84 0.1911
948.81 0.1888
949.77 0.1864
950.74 0.1840
951.70 0.1817
952.66 0.1794
953.63 0.1772
954.59 0.1752
955.56 0.1733
956.52 0.1715
957.48 0.1698
958.45 0.1683
959.41 0.1670
960.38 0.1659
961.34 0.1649
962.31 0.1641
963.27 0.1636
964.23 0.1631
965.20 0.1628
966.16 0.1625
967.13 0.1621
968.09 0.1617
969.06 0.1612
970.02 0.1605
970.98 0.1596
971.95 0.1585
972.91 0.1572
973.88 0.1558
974.84 0.1545
975.81 0.1533
976.77 0.1523
977.73 0.1515
978.70 0.1509
979.66 0.1507
980.63 0.1508
981.59 0.1509
982.56 0.1511
983.52 0.1514
984.48 0.1516
985.45 0.1519
986.41 0.1521
987.38 0.1523
988.34 0.1526
989.30 0.1528
990.27 0.1531
991.23 0.1534
992.20 0.1538
993.16 0.1542
994.13 0.1547
995.09 0.1550
996.05 0.1552
997.02 0.1554
997.98 0.1555
998.95 0.1555
999.91 0.1554
1000.88 0.1553
1001.84 0.1552
1002.80 0.1551
1003.77 0.1552
1004.73 0.1554
1005.70 0.1556
1006.66 0.1560
1007.63 0.1565
1008.59 0.1571
1009.55 0.1579
1010.52 0.1589
1011.48 0.1601
1012.45 0.1615
1013.41 0.1632
1014.38 0.1651
1015.34 0.1672
1016.30 0.1695
1017.27 0.1720
1018.23 0.1747
1019.20 0.1776
1020.16 0.1804
1021.12 0.1830
1022.09 0.1854
1023.05 0.1873
1024.02 0.1889
1024.98 0.1900
1025.95 0.1910
1026.91 0.1919
1027.87 0.1929
1028.84 0.1939
1029.80 0.1951
1030.77 0.1965
1031.73 0.1982
1032.70 0.2001
1033.66 0.2022
1034.62 0.2045
1035.59 0.2070
1036.55 0.2094
1037.52 0.2119
1038.48 0.2143
1039.45 0.2167
1040.41 0.2188
1041.37 0.2208
1042.34 0.2226
1043.30 0.2243
1044.27 0.2259
1045.23 0.2276
1046.19 0.2291
1047.16 0.2307
1048.12 0.2323
1049.09 0.2340
1050.05 0.2358
1051.02 0.2376
1051.98 0.2396
1052.94 0.2417
1053.91 0.2440
1054.87 0.2462
1055.84 0.2483
1056.80 0.2505
1057.77 0.2526
1058.73 0.2546
1059.69 0.2565
1060.66 0.2583
1061.62 0.2600
1062.59 0.2617
1063.55 0.2632
1064.52 0.2646
1065.48 0.2658
1066.44 0.2669
1067.41 0.2674
1068.37 0.2669
1069.34 0.2650
1070.30 0.2619
1071.27 0.2580
1072.23 0.2541
1073.19 0.2510
1074.16 0.2491
1075.12 0.2485
1076.09 0.2494
1077.05 0.2516
1078.01 0.2549
1078.98 0.2593
1079.94 0.2647
1080.91 0.2707
1081.87 0.2771
1082.84 0.2837
1083.80 0.2904
1084.76 0.2968
1085.73 0.3031
1086.69 0.3091
1087.66 0.3149
1088.62 0.3205
1089.59 0.3260
1090.55 0.3313
1091.51 0.3362
1092.48 0.3408
1093.44 0.3451
1094.41 0.3492
1095.37 0.3528
1096.34 0.3560
1097.30 0.3586
1098.26 0.3607
1099.23 0.3622
1100.19 0.3630
1101.16 0.3630
1102.12 0.3623
1103.09 0.3610
1104.05 0.3590
1105.01 0.3563
1105.98 0.3533
1106.94 0.3500
1107.91 0.3468
1108.87 0.3440
1109.83 0.3417
1110.80 0.3401
1111.76 0.3396
1112.73 0.3401
1113.69 0.3414
1114.66 0.3435
1115.62 0.3461
1116.58 0.3487
1117.55 0.3509
1118.51 0.3524
1119.48 0.3529
1120.44 0.3524
1121.41 0.3508
1122.37 0.3485
1123.33 0.3459
1124.30 0.3436
1125.26 0.3421
1126.23 0.3419
1127.19 0.3431
1128.16 0.3461
1129.12 0.3510
1130.08 0.3576
1131.05 0.3655
1132.01 0.3745
1132.98 0.3842
1133.94 0.3941
1134.90 0.4037
1135.87 0.4125
1136.83 0.4204
1137.80 0.4272
1138.76 0.4329
1139.73 0.4378
1140.69 0.4420
1141.65 0.4459
1142.62 0.4497
1143.58 0.4536
1144.55 0.4581
1145.51 0.4637
1146.48 0.4706
1147.44 0.4790
1148.40 0.4888
1149.37 0.5003
1150.33 0.5132
1151.30 0.5274
1152.26 0.5427
1153.23 0.5586
1154.19 0.5749
1155.15 0.5913
1156.12 0.6076
1157.08 0.6234
1158.05 0.6385
1159.01 0.6528
1159.98 0.6659
1160.94 0.6777
1161.90 0.6882
1162.87 0.6974
1163.83 0.7053
1164.80 0.7118
1165.76 0.7169
1166.72 0.7209
1167.69 0.7236
1168.65 0.7252
1169.62 0.7257
1170.58 0.7255
1171.55 0.7246
1172.51 0.7229
1173.47 0.7202
1174.44 0.7166
1175.40 0.7124
1176.37 0.7076
1177.33 0.7021
1178.30 0.6961
1179.26 0.6897
1180.22 0.6830
1181.19 0.6760
1182.15 0.6688
1183.12 0.6613
1184.08 0.6538
1185.05 0.6462
1186.01 0.6387
1186.97 0.6312
1187.94 0.6237
1188.90 0.6165
1189.87 0.6095
1190.83 0.6027
1191.80 0.5960
1192.76 0.5893
1193.72 0.5827
1194.69 0.5762
1195.65 0.5695
1196.62 0.5627
1197.58 0.5560
1198.54 0.5494
1199.51 0.5432
1200.47 0.5373
1201.44 0.5319
1202.40 0.5271
1203.37 0.5228
1204.33 0.5191
1205.29 0.5159
1206.26 0.5133
1207.22 0.5111
1208.19 0.5091
1209.15 0.5072
1210.12 0.5054
1211.08 0.5036
1212.04 0.5017
1213.01 0.4997
1213.97 0.4977
1214.94 0.4956
1215.90 0.4938
1216.87 0.4924
1217.83 0.4920
1218.79 0.4925
1219.76 0.4935
1220.72 0.4947
1221.69 0.4956
1222.65 0.4965
1223.61 0.4974
1224.58 0.4985
1225.54 0.4998
1226.51 0.5014
1227.47 0.5032
1228.44 0.5051
1229.40 0.5071
1230.36 0.5093
1231.33 0.5118
1232.29 0.5148
1233.26 0.5183
1234.22 0.5222
1235.19 0.5264
1236.15 0.5310
1237.11 0.5356
1238.08 0.5401
1239.04 0.5440
1240.01 0.5472
1240.97 0.5494
1241.94 0.5506
1242.90 0.5506
1243.86 0.5495
1244.83 0.5472
1245.79 0.5437
1246.76 0.5393
1247.72 0.5340
1248.69 0.5283
1249.65 0.5223
1250.61 0.5164
1251.58 0.5110
1252.54 0.5062
1253.51 0.5021
1254.47 0.4986
1255.43 0.4957
1256.40 0.4935
1257.36 0.4918
1258.33 0.4904
1259.29 0.4895
1260.26 0.4890
1261.22 0.4889
1262.18 0.4891
1263.15 0.4894
1264.11 0.4897
1265.08 0.4901
1266.04 0.4903
1267.01 0.4903
1267.97 0.4900
1268.93 0.4893
1269.90 0.4884
1270.86 0.4870
1271.83 0.4854
1272.79 0.4837
1273.76 0.4822
1274.72 0.4811
1275.68 0.4803
1276.65 0.4800
1277.61 0.4797
1278.58 0.4793
1279.54 0.4784
1280.51 0.4767
1281.47 0.4738
1282.43 0.4696
1283.40 0.4641
1284.36 0.4572
1285.33 0.4493
1286.29 0.4406
1287.25 0.4314
1288.22 0.4223
1289.18 0.4138
1290.15 0.4061
1291.11 0.3994
1292.08 0.3937
1293.04 0.3888
1294.00 0.3845
1294.97 0.3805
1295.93 0.3768
1296.90 0.3735
1297.86 0.3704
1298.83 0.3677
1299.79 0.3652
1300.75 0.3628
1301.72 0.3603
1302.68 0.3575
1303.65 0.3545
1304.61 0.3514
1305.58 0.3484
1306.54 0.3453
1307.50 0.3420
1308.47 0.3381
1309.43 0.3335
1310.40 0.3286
1311.36 0.3238
1312.33 0.3193
1313.29 0.3153
1314.25 0.3119
1315.22 0.3090
1316.18 0.3066
1317.15 0.3046
1318.11 0.3027
1319.07 0.3006
1320.04 0.2981
1321.00 0.2951
1321.97 0.2917
1322.93 0.2877
1323.90 0.2831
1324.86 0.2783
1325.82 0.2734
1326.79 0.2686
1327.75 0.2642
1328.72 0.2603
1329.68 0.2570
1330.65 0.2543
1331.61 0.2523
1332.57 0.2506
1333.54 0.2494
1334.50 0.2486
1335.47 0.2484
1336.43 0.2488
1337.40 0.2496
1338.36 0.2508
1339.32 0.2523
1340.29 0.2535
1341.25 0.2539
1342.22 0.2543
1343.18 0.2551
1344.14 0.2564
1345.11 0.2578
1346.07 0.2593
1347.04 0.2608
1348.00 0.2622
1348.97 0.2634
1349.93 0.2642
1350.89 0.2645
1351.86 0.2646
1352.82 0.2646
1353.79 0.2644
1354.75 0.2639
1355.72 0.2634
1356.68 0.2631
1357.64 0.2631
1358.61 0.2633
1359.57 0.2637
1360.54 0.2645
1361.50 0.2661
1362.47 0.2682
1363.43 0.2699
1364.39 0.2712
1365.36 0.2730
1366.32 0.2758
1367.29 0.2794
1368.25 0.2831
1369.22 0.2866
1370.18 0.2898
1371.14 0.2930
1372.11 0.2962
1373.07 0.3002
1374.04 0.3057
1375.00 0.3119
1375.96 0.3176
1376.93 0.3222
1377.89 0.3244
1378.86 0.3225
1379.82 0.3167
1380.79 0.3095
1381.75 0.3030
1382.71 0.2981
1383.68 0.2951
1384.64 0.2939
1385.61 0.2945
1386.57 0.2972
1387.54 0.3016
1388.50 0.3062
1389.46 0.3109
1390.43 0.3163
1391.39 0.3220
1392.36 0.3261
1393.32 0.3288
1394.29 0.3311
1395.25 0.3323
1396.21 0.3325
1397.18 0.3329
1398.14 0.3337
1399.11 0.3339
1400.07 0.3321
1401.04 0.3288
1402.00 0.3246
1402.96 0.3209
1403.93 0.3185
1404.89 0.3175
1405.86 0.3180
1406.82 0.3203
1407.78 0.3248
1408.75 0.3313
1409.71 0.3392
1410.68 0.3473
1411.64 0.3552
1412.61 0.3623
1413.57 0.3678
1414.53 0.3719
1415.50 0.3748
1416.46 0.3763
1417.43 0.3763
1418.39 0.3750
1419.36 0.3713
1420.32 0.3667
1421.28 0.3630
1422.25 0.3602
1423.21 0.3580
1424.18 0.3567
1425.14 0.3565
1426.11 0.3576
1427.07 0.3604
1428.03 0.3646
1429.00 0.3705
1429.96 0.3783
1430.93 0.3855
1431.89 0.3917
1432.85 0.3985
1433.82 0.4053
1434.78 0.4106
1435.75 0.4161
1436.71 0.4248
1437.68 0.4322
1438.64 0.4359
1439.60 0.4394
1440.57 0.4436
1441.53 0.4474
1442.50 0.4505
1443.46 0.4537
1444.43 0.4567
1445.39 0.4593
1446.35 0.4622
1447.32 0.4668
1448.28 0.4738
1449.25 0.4822
1450.21 0.4917
1451.18 0.5055
1452.14 0.5258
1453.10 0.5479
1454.07 0.5670
1455.03 0.5828
1456.00 0.5947
1456.96 0.6020
1457.93 0.6111
1458.89 0.6219
1459.85 0.6299
1460.82 0.6367
1461.78 0.6426
1462.75 0.6438
1463.71 0.6388
1464.67 0.6315
1465.64 0.6229
1466.60 0.6058
1467.57 0.5709
1468.53 0.5127
1469.50 0.4447
1470.46 0.3848
1471.42 0.3278
1472.39 0.2601
1473.35 0.2085
1474.32 0.1829
1475.28 0.1634
1476.25 0.1432
1477.21 0.1263
1478.17 0.1149
1479.14 0.1060
1480.10 0.0982
1481.07 0.0909
1482.03 0.0844
1483.00 0.0787
1483.96 0.0740
1484.92 0.0705
1485.89 0.0678
1486.85 0.0653
1487.82 0.0629
1488.78 0.0613
1489.75 0.0593
1490.71 0.0555
1491.67 0.0515
1492.64 0.0488
1493.60 0.0473
1494.57 0.0468
1495.53 0.0467
1496.49 0.0458
1497.46 0.0442
1498.42 0.0425
1499.39 0.0406
1500.35 0.0390
1501.32 0.0377
1502.28 0.0367
1503.24 0.0363
1504.21 0.0369
1505.17 0.0392
1506.14 0.0427
1507.10 0.0420
1508.07 0.0383
1509.03 0.0355
1509.99 0.0337
1510.96 0.0328
1511.92 0.0322
1512.89 0.0315
1513.85 0.0311
1514.82 0.0315
1515.78 0.0327
1516.74 0.0332
1517.71 0.0318
1518.67 0.0309
1519.64 0.0314
1520.60 0.0335
1521.57 0.0338
1522.53 0.0315
1523.49 0.0301
1524.46 0.0298
1525.42 0.0297
1526.39 0.0293
1527.35 0.0288
1528.31 0.0280
1529.28 0.0273
1530.24 0.0270
1531.21 0.0273
1532.17 0.0283
1533.14 0.0290
1534.10 0.0283
1535.06 0.0269
1536.03 0.0263
1536.99 0.0267
1537.96 0.0282
1538.92 0.0308
1539.89 0.0319
1540.85 0.0305
1541.81 0.0290
1542.78 0.0280
1543.74 0.0274
1544.71 0.0264
1545.67 0.0247
1546.64 0.0233
1547.60 0.0228
1548.56 0.0231
1549.53 0.0235
1550.49 0.0227
1551.46 0.0217
1552.42 0.0215
1553.38 0.0220
1554.35 0.0220
1555.31 0.0215
1556.28 0.0217
1557.24 0.0233
1558.21 0.0267
1559.17 0.0265
1560.13 0.0217
1561.10 0.0189
1562.06 0.0176
1563.03 0.0172
1563.99 0.0171
1564.96 0.0169
1565.92 0.0162
1566.88 0.0159
1567.85 0.0164
1568.81 0.0173
1569.78 0.0171
1570.74 0.0159
1571.71 0.0151
1572.67 0.0148
1573.63 0.0151
1574.60 0.0159
1575.56 0.0171
1576.53 0.0171
1577.49 0.0160
1578.46 0.0153
1579.42 0.0150
1580.38 0.0151
1581.35 0.0152
1582.31 0.0153
1583.28 0.0156
1584.24 0.0160
1585.20 0.0163
1586.17 0.0166
1587.13 0.0170
1588.10 0.0174
1589.06 0.0179
1590.03 0.0185
1590.99 0.0190
1591.95 0.0195
1592.92 0.0201
1593.88 0.0208
1594.85 0.0214
1595.81 0.0219
1596.78 0.0225
1597.74 0.0231
1598.70 0.0238
1599.67 0.0247
1600.63 0.0257
1601.60 0.0267
1602.56 0.0277
1603.53 0.0287
1604.49 0.0295
1605.45 0.0305
1606.42 0.0317
1607.38 0.0330
1608.35 0.0343
1609.31 0.0356
1610.28 0.0369
1611.24 0.0380
1612.20 0.0392
1613.17 0.0408
1614.13 0.0425
1615.10 0.0446
1616.06 0.0474
1617.02 0.0498
1617.99 0.0506
1618.95 0.0513
1619.92 0.0526
1620.88 0.0545
1621.85 0.0566
1622.81 0.0589
1623.77 0.0610
1624.74 0.0619
1625.70 0.0629
1626.67 0.0645
1627.63 0.0667
1628.60 0.0684
1629.56 0.0696
1630.52 0.0712
1631.49 0.0732
1632.45 0.0754
1633.42 0.0777
1634.38 0.0811
1635.35 0.0865
1636.31 0.0910
1637.27 0.0935
1638.24 0.0964
1639.20 0.1003
1640.17 0.1047
1641.13 0.1096
1642.09 0.1149
1643.06 0.1196
1644.02 0.1235
1644.99 0.1275
1645.95 0.1324
1646.92 0.1374
1647.88 0.1406
1648.84 0.1431
1649.81 0.1452
1650.77 0.1471
1651.74 0.1492
1652.70 0.1530
1653.67 0.1569
1654.63 0.1576
1655.59 0.1573
1656.56 0.1567
1657.52 0.1558
1658.49 0.1546
1659.45 0.1532
1660.42 0.1521
1661.38 0.1514
1662.34 0.1508
1663.31 0.1496
1664.27 0.1488
1665.24 0.1488
1666.20 0.1497
1667.17 0.1513
1668.13 0.1544
1669.09 0.1586
1670.06 0.1621
1671.02 0.1649
1671.99 0.1681
1672.95 0.1713
1673.91 0.1751
1674.88 0.1814
1675.84 0.1888
1676.81 0.1934
1677.77 0.1974
1678.74 0.2033
1679.70 0.2118
1680.66 0.2203
1681.63 0.2273
1682.59 0.2344
1683.56 0.2474
1684.52 0.2683
1685.49 0.2795
1686.45 0.2869
1687.41 0.2976
1688.38 0.3133
1689.34 0.3316
1690.31 0.3499
1691.27 0.3693
1692.24 0.3904
1693.20 0.4114
1694.16 0.4309
1695.13 0.4565
1696.09 0.5062
1697.06 0.5549
1698.02 0.5811
1698.99 0.6013
1699.95 0.6612
1700.91 0.7693
1701.88 0.8321
1702.84 0.8808
1703.81 0.9439
1704.77 1.0172
1705.73 1.0907
1706.70 1.1733
1707.66 1.2511
1708.63 1.3009
1709.59 1.3319
1710.56 1.3574
1711.52 1.3672
1712.48 1.3538
1713.45 1.3183
1714.41 1.2664
1715.38 1.2197
1716.34 1.1792
1717.31 1.1290
1718.27 1.0899
1719.23 1.0802
1720.20 1.0719
1721.16 1.0543
1722.13 1.0328
1723.09 1.0153
1724.06 1.0033
1725.02 0.9944
1725.98 0.9883
1726.95 0.9854
1727.91 0.9841
1728.88 0.9855
1729.84 0.9958
1730.81 1.0127
1731.77 1.0236
1732.73 1.0273
1733.70 1.0474
1734.66 1.1095
1735.63 1.1691
1736.59 1.2126
1737.55 1.2454
1738.52 1.2666
1739.48 1.2948
1740.45 1.3441
1741.41 1.3792
1742.38 1.3830
1743.34 1.3796
1744.30 1.3831
1745.27 1.3726
1746.23 1.3384
1747.20 1.2831
1748.16 1.2149
1749.13 1.1494
1750.09 1.0806
1751.05 0.9950
1752.02 0.9130
1752.98 0.8465
1753.95 0.7787
1754.91 0.7023
1755.88 0.6235
1756.84 0.5473
1757.80 0.4792
1758.77 0.4270
1759.73 0.3872
1760.70 0.3478
1761.66 0.3038
1762.62 0.2683
1763.59 0.2442
1764.55 0.2231
1765.52 0.2042
1766.48 0.1895
1767.45 0.1760
1768.41 0.1609
1769.37 0.1492
1770.34 0.1423
1771.30 0.1355
1772.27 0.1245
1773.23 0.1149
1774.20 0.1086
1775.16 0.1026
1776.12 0.0966
1777.09 0.0916
1778.05 0.0875
1779.02 0.0840
1779.98 0.0806
1780.95 0.0767
1781.91 0.0728
1782.87 0.0699
1783.84 0.0675
1784.80 0.0647
1785.77 0.0618
1786.73 0.0594
1787.70 0.0574
1788.66 0.0555
1789.62 0.0541
1790.59 0.0534
1791.55 0.0524
1792.52 0.0501
1793.48 0.0475
1794.44 0.0456
1795.41 0.0441
1796.37 0.0424
1797.34 0.0409
1798.30 0.0398
1799.27 0.0390
1800.23 0.0380
1801.19 0.0368
1802.16 0.0355
1803.12 0.0340
1804.09 0.0325
1805.05 0.0314
1806.02 0.0306
1806.98 0.0298
1807.94 0.0290
1808.91 0.0283
1809.87 0.0276
1810.84 0.0268
1811.80 0.0258
1812.77 0.0247
1813.73 0.0237
1814.69 0.0229
1815.66 0.0223
1816.62 0.0217
1817.59 0.0210
1818.55 0.0203
1819.52 0.0196
1820.48 0.0190
1821.44 0.0185
1822.41 0.0179
1823.37 0.0177
1824.34 0.0177
1825.30 0.0172
1826.26 0.0162
1827.23 0.0156
1828.19 0.0158
1829.16 0.0162
1830.12 0.0155
1831.09 0.0141
1832.05 0.0131
1833.01 0.0125
1833.98 0.0120
1834.94 0.0116
1835.91 0.0114
1836.87 0.0112
1837.84 0.0106
1838.80 0.0100
1839.76 0.0096
1840.73 0.0094
1841.69 0.0094
1842.66 0.0098
1843.62 0.0101
1844.59 0.0095
1845.55 0.0086
1846.51 0.0080
1847.48 0.0077
1848.44 0.0072
1849.41 0.0067
1850.37 0.0063
1851.33 0.0061
1852.30 0.0059
1853.26 0.0058
1854.23 0.0056
1855.19 0.0054
1856.16 0.0053
1857.12 0.0053
1858.08 0.0053
1859.05 0.0052
1860.01 0.0051
1860.98 0.0050
1861.94 0.0048
1862.91 0.0047
1863.87 0.0047
1864.83 0.0048
1865.80 0.0051
1866.76 0.0055
1867.73 0.0059
1868.69 0.0060
1869.66 0.0055
1870.62 0.0048
1871.58 0.0043
1872.55 0.0042
1873.51 0.0040
1874.48 0.0040
1875.44 0.0038
1876.41 0.0037
1877.37 0.0036
1878.33 0.0035
1879.30 0.0034
1880.26 0.0031
1881.23 0.0029
1882.19 0.0027
1883.15 0.0026
1884.12 0.0026
1885.08 0.0023
1886.05 0.0020
1887.01 0.0018
1887.98 0.0019
1888.94 0.0021
1889.90 0.0018
1890.87 0.0011
1891.83 0.0006
1892.80 0.0004
1893.76 0.0004
1894.73 0.0003
1895.69 0.0000
1896.65 -0.0004
1897.62 -0.0007
1898.58 -0.0009
1899.55 -0.0011
1900.51 -0.0012
1901.48 -0.0014
1902.44 -0.0015
1903.40 -0.0017
1904.37 -0.0019
1905.33 -0.0020
1906.30 -0.0021
1907.26 -0.0021
1908.23 -0.0020
1909.19 -0.0020
1910.15 -0.0022
1911.12 -0.0025
1912.08 -0.0027
1913.05 -0.0028
1914.01 -0.0029
1914.97 -0.0031
1915.94 -0.0030
1916.90 -0.0027
1917.87 -0.0027
1918.83 -0.0031
1919.80 -0.0034
1920.76 -0.0034
1921.72 -0.0031
1922.69 -0.0031
1923.65 -0.0034
1924.62 -0.0037
1925.58 -0.0039
1926.55 -0.0040
1927.51 -0.0041
1928.47 -0.0041
1929.44 -0.0041
1930.40 -0.0041
1931.37 -0.0041
1932.33 -0.0042
1933.30 -0.0043
1934.26 -0.0044
1935.22 -0.0045
1936.19 -0.0046
1937.15 -0.0046
1938.12 -0.0047
1939.08 -0.0048
1940.04 -0.0048
1941.01 -0.0045
1941.97 -0.0043
1942.94 -0.0045
1943.90 -0.0050
1944.87 -0.0052
1945.83 -0.0054
1946.79 -0.0056
1947.76 -0.0059
1948.72 -0.0061
1949.69 -0.0062
1950.65 -0.0064
1951.62 -0.0066
1952.58 -0.0067
1953.54 -0.0068
1954.51 -0.0069
1955.47 -0.0070
1956.44 -0.0072
1957.40 -0.0073
1958.37 -0.0073
1959.33 -0.0074
1960.29 -0.0075
1961.26 -0.0076
1962.22 -0.0077
1963.19 -0.0078
1964.15 -0.0079
1965.12 -0.0078
1966.08 -0.0077
1967.04 -0.0077
1968.01 -0.0078
1968.97 -0.0081
1969.94 -0.0083
1970.90 -0.0083
1971.86 -0.0084
1972.83 -0.0085
1973.79 -0.0086
1974.76 -0.0087
1975.72 -0.0087
1976.69 -0.0087
1977.65 -0.0087
1978.61 -0.0087
1979.58 -0.0087
1980.54 -0.0088
1981.51 -0.0088
1982.47 -0.0089
1983.44 -0.0089
1984.40 -0.0089
1985.36 -0.0089
1986.33 -0.0089
1987.29 -0.0088
1988.26 -0.0088
1989.22 -0.0088
1990.19 -0.0088
1991.15 -0.0086
1992.11 -0.0085
1993.08 -0.0088
1994.04 -0.0090
1995.01 -0.0091
1995.97 -0.0092
1996.94 -0.0093
1997.90 -0.0092
1998.86 -0.0092
1999.83 -0.0092
2000.79 -0.0093
2001.76 -0.0093
2002.72 -0.0093
2003.68 -0.0093
2004.65 -0.0093
2005.61 -0.0093
2006.58 -0.0093
2007.54 -0.0092
2008.51 -0.0092
2009.47 -0.0092
2010.43 -0.0092
2011.40 -0.0091
2012.36 -0.0091
2013.33 -0.0090
2014.29 -0.0089
2015.26 -0.0087
2016.22 -0.0085
2017.18 -0.0084
2018.15 -0.0084
2019.11 -0.0084
2020.08 -0.0083
2021.04 -0.0082
2022.01 -0.0081
2022.97 -0.0080
2023.93 -0.0079
2024.90 -0.0078
2025.86 -0.0078
2026.83 -0.0077
2027.79 -0.0076
2028.76 -0.0077
2029.72 -0.0077
2030.68 -0.0076
2031.65 -0.0075
2032.61 -0.0075
2033.58 -0.0074
2034.54 -0.0074
2035.50 -0.0073
2036.47 -0.0073
2037.43 -0.0074
2038.40 -0.0075
2039.36 -0.0075
2040.33 -0.0075
2041.29 -0.0076
2042.25 -0.0078
2043.22 -0.0080
2044.18 -0.0082
2045.15 -0.0083
2046.11 -0.0085
2047.08 -0.0086
2048.04 -0.0087
2049.00 -0.0088
2049.97 -0.0089
2050.93 -0.0090
2051.90 -0.0092
2052.86 -0.0093
2053.83 -0.0094
2054.79 -0.0094
2055.75 -0.0095
2056.72 -0.0096
2057.68 -0.0097
2058.65 -0.0098
2059.61 -0.0099
2060.57 -0.0099
2061.54 -0.0101
2062.50 -0.0103
2063.47 -0.0103
2064.43 -0.0103
2065.40 -0.0104
2066.36 -0.0106
2067.32 -0.0107
2068.29 -0.0108
2069.25 -0.0108
2070.22 -0.0109
2071.18 -0.0109
2072.15 -0.0110
2073.11 -0.0111
2074.07 -0.0112
2075.04 -0.0112
2076.00 -0.0112
2076.97 -0.0112
2077.93 -0.0113
2078.90 -0.0114
2079.86 -0.0114
2080.82 -0.0115
2081.79 -0.0115
2082.75 -0.0116
2083.72 -0.0117
2084.68 -0.0118
2085.65 -0.0118
2086.61 -0.0118
2087.57 -0.0118
2088.54 -0.0118
2089.50 -0.0119
2090.47 -0.0120
2091.43 -0.0121
2092.39 -0.0121
2093.36 -0.0121
2094.32 -0.0120
2095.29 -0.0121
2096.25 -0.0121
2097.22 -0.0122
2098.18 -0.0122
2099.14 -0.0122
2100.11 -0.0122
2101.07 -0.0122
2102.04 -0.0122
2103.00 -0.0123
2103.97 -0.0123
2104.93 -0.0124
2105.89 -0.0124
2106.86 -0.0124
2107.82 -0.0124
2108.79 -0.0124
2109.75 -0.0125
2110.72 -0.0126
2111.68 -0.0126
2112.64 -0.0125
2113.61 -0.0125
2114.57 -0.0125
2115.54 -0.0125
2116.50 -0.0125
2117.47 -0.0126
2118.43 -0.0126
2119.39 -0.0127
2120.36 -0.0127
2121.32 -0.0127
2122.29 -0.0127
2123.25 -0.0127
2124.21 -0.0127
2125.18 -0.0127
2126.14 -0.0127
2127.11 -0.0127
2128.07 -0.0127
2129.04 -0.0128
2130.00 -0.0128
2130.96 -0.0127
2131.93 -0.0127
2132.89 -0.0126
2133.86 -0.0126
2134.82 -0.0125
2135.79 -0.0125
2136.75 -0.0125
2137.71 -0.0125
2138.68 -0.0125
2139.64 -0.0125
2140.61 -0.0124
2141.57 -0.0123
2142.54 -0.0122
2143.50 -0.0121
2144.46 -0.0121
2145.43 -0.0121
2146.39 -0.0120
2147.36 -0.0119
2148.32 -0.0118
2149.28 -0.0117
2150.25 -0.0117
2151.21 -0.0116
2152.18 -0.0116
2153.14 -0.0115
2154.11 -0.0114
2155.07 -0.0114
2156.03 -0.0113
2157.00 -0.0113
2157.96 -0.0113
2158.93 -0.0112
2159.89 -0.0112
2160.86 -0.0111
2161.82 -0.0111
2162.78 -0.0111
2163.75 -0.0111
2164.71 -0.0111
2165.68 -0.0111
2166.64 -0.0110
2167.61 -0.0110
2168.57 -0.0110
2169.53 -0.0110
2170.50 -0.0111
2171.46 -0.0111
2172.43 -0.0111
2173.39 -0.0111
2174.36 -0.0111
2175.32 -0.0111
2176.28 -0.0111
2177.25 -0.0112
2178.21 -0.0112
2179.18 -0.0113
2180.14 -0.0113
2181.10 -0.0113
2182.07 -0.0113
2183.03 -0.0113
2184.00 -0.0113
2184.96 -0.0113
2185.93 -0.0113
2186.89 -0.0113
2187.85 -0.0113
2188.82 -0.0114
2189.78 -0.0114
2190.75 -0.0114
2191.71 -0.0115
2192.68 -0.0115
2193.64 -0.0115
2194.60 -0.0115
2195.57 -0.0115
2196.53 -0.0116
2197.50 -0.0117
2198.46 -0.0117
2199.43 -0.0117
2200.39 -0.0117
2201.35 -0.0117
2202.32 -0.0116
2203.28 -0.0117
2204.25 -0.0117
2205.21 -0.0118
2206.18 -0.0119
2207.14 -0.0118
2208.10 -0.0118
2209.07 -0.0119
2210.03 -0.0119
2211.00 -0.0119
2211.96 -0.0118
2212.92 -0.0118
2213.89 -0.0118
2214.85 -0.0118
2215.82 -0.0117
2216.78 -0.0117
2217.75 -0.0117
2218.71 -0.0117
2219.67 -0.0116
2220.64 -0.0116
2221.60 -0.0116
2222.57 -0.0115
2223.53 -0.0114
2224.50 -0.0114
2225.46 -0.0113
2226.42 -0.0113
2227.39 -0.0112
2228.35 -0.0111
2229.32 -0.0111
2230.28 -0.0110
2231.25 -0.0109
2232.21 -0.0108
2233.17 -0.0107
2234.14 -0.0107
2235.10 -0.0106
2236.07 -0.0106
2237.03 -0.0106
2238.00 -0.0105
2238.96 -0.0105
2239.92 -0.0105
2240.89 -0.0105
2241.85 -0.0104
2242.82 -0.0102
2243.78 -0.0101
2244.74 -0.0101
2245.71 -0.0101
2246.67 -0.0101
2247.64 -0.0100
2248.60 -0.0100
2249.57 -0.0100
2250.53 -0.0100
2251.49 -0.0101
2252.46 -0.0101
2253.42 -0.0100
2254.39 -0.0099
2255.35 -0.0099
2256.32 -0.0099
2257.28 -0.0098
2258.24 -0.0097
2259.21 -0.0096
2260.17 -0.0095
2261.14 -0.0095
2262.10 -0.0094
2263.07 -0.0094
2264.03 -0.0094
2264.99 -0.0093
2265.96 -0.0092
2266.92 -0.0092
2267.89 -0.0091
2268.85 -0.0090
2269.81 -0.0089
2270.78 -0.0088
2271.74 -0.0087
2272.71 -0.0086
2273.67 -0.0085
2274.64 -0.0085
2275.60 -0.0085
2276.56 -0.0084
2277.53 -0.0084
2278.49 -0.0084
2279.46 -0.0084
2280.42 -0.0083
2281.39 -0.0082
2282.35 -0.0081
2283.31 -0.0080
2284.28 -0.0078
2285.24 -0.0077
2286.21 -0.0076
2287.17 -0.0074
2288.14 -0.0071
2289.10 -0.0070
2290.06 -0.0068
2291.03 -0.0066
2291.99 -0.0063
2292.96 -0.0061
2293.92 -0.0058
2294.89 -0.0056
2295.85 -0.0054
2296.81 -0.0052
2297.78 -0.0049
2298.74 -0.0047
2299.71 -0.0043
2300.67 -0.0040
2301.63 -0.0038
2302.60 -0.0035
2303.56 -0.0032
2304.53 -0.0027
2305.49 -0.0023
2306.46 -0.0019
2307.42 -0.0015
2308.38 -0.0010
2309.35 -0.0005
2310.31 -0.0000
2311.28 0.0003
2312.24 0.0006
2313.21 0.0010
2314.17 0.0013
2315.13 0.0016
2316.10 0.0020
2317.06 0.0026
2318.03 0.0033
2318.99 0.0040
2319.96 0.0048
2320.92 0.0055
2321.88 0.0060
2322.85 0.0064
2323.81 0.0066
2324.78 0.0068
2325.74 0.0071
2326.71 0.0076
2327.67 0.0081
2328.63 0.0086
2329.60 0.0092
2330.56 0.0096
2331.53 0.0098
2332.49 0.0099
2333.45 0.0099
2334.42 0.0101
2335.38 0.0104
2336.35 0.0108
2337.31 0.0109
2338.28 0.0109
2339.24 0.0110
2340.20 0.0111
2341.17 0.0111
2342.13 0.0111
2343.10 0.0110
2344.06 0.0107
2345.03 0.0102
2345.99 0.0091
2346.95 0.0074
2347.92 0.0060
2348.88 0.0058
2349.85 0.0068
2350.81 0.0087
2351.78 0.0104
2352.74 0.0117
2353.70 0.0131
2354.67 0.0143
2355.63 0.0153
2356.60 0.0159
2357.56 0.0166
2358.52 0.0172
2359.49 0.0176
2360.45 0.0177
2361.42 0.0176
2362.38 0.0174
2363.35 0.0171
2364.31 0.0168
2365.27 0.0164
2366.24 0.0159
2367.20 0.0152
2368.17 0.0145
2369.13 0.0137
2370.10 0.0127
2371.06 0.0117
2372.02 0.0108
2372.99 0.0099
2373.95 0.0090
2374.92 0.0082
2375.88 0.0074
2376.85 0.0066
2377.81 0.0058
2378.77 0.0050
2379.74 0.0043
2380.70 0.0036
2381.67 0.0030
2382.63 0.0025
2383.60 0.0021
2384.56 0.0019
2385.52 0.0017
2386.49 0.0017
2387.45 0.0017
2388.42 0.0017
2389.38 0.0018
2390.34 0.0018
2391.31 0.0019
2392.27 0.0021
2393.24 0.0022
2394.20 0.0023
2395.17 0.0024
2396.13 0.0025
2397.09 0.0026
2398.06 0.0027
2399.02 0.0028
2399.99 0.0028
2400.95 0.0029
2401.92 0.0031
2402.88 0.0033
2403.84 0.0035
2404.81 0.0036
2405.77 0.0037
2406.74 0.0039
2407.70 0.0041
2408.67 0.0043
2409.63 0.0045
2410.59 0.0047
2411.56 0.0049
2412.52 0.0049
2413.49 0.0050
2414.45 0.0052
2415.42 0.0054
2416.38 0.0056
2417.34 0.0059
2418.31 0.0062
2419.27 0.0064
2420.24 0.0066
2421.20 0.0067
2422.16 0.0069
2423.13 0.0071
2424.09 0.0073
2425.06 0.0076
2426.02 0.0078
2426.99 0.0080
2427.95 0.0082
2428.91 0.0084
2429.88 0.0087
2430.84 0.0090
2431.81 0.0093
2432.77 0.0096
2433.74 0.0099
2434.70 0.0101
2435.66 0.0103
2436.63 0.0106
2437.59 0.0108
2438.56 0.0111
2439.52 0.0114
2440.49 0.0117
2441.45 0.0121
2442.41 0.0124
2443.38 0.0126
2444.34 0.0128
2445.31 0.0131
2446.27 0.0134
2447.23 0.0136
2448.20 0.0139
2449.16 0.0141
2450.13 0.0144
2451.09 0.0147
2452.06 0.0151
2453.02 0.0154
2453.98 0.0156
2454.95 0.0159
2455.91 0.0162
2456.88 0.0165
2457.84 0.0168
2458.81 0.0171
2459.77 0.0174
2460.73 0.0177
2461.70 0.0180
2462.66 0.0183
2463.63 0.0186
2464.59 0.0190
2465.56 0.0193
2466.52 0.0196
2467.48 0.0200
2468.45 0.0203
2469.41 0.0206
2470.38 0.0209
2471.34 0.0212
2472.31 0.0216
2473.27 0.0220
2474.23 0.0224
2475.20 0.0228
2476.16 0.0232
2477.13 0.0236
2478.09 0.0240
2479.05 0.0244
2480.02 0.0249
2480.98 0.0253
2481.95 0.0258
2482.91 0.0262
2483.88 0.0267
2484.84 0.0272
2485.80 0.0277
2486.77 0.0281
2487.73 0.0285
2488.70 0.0290
2489.66 0.0295
2490.63 0.0300
2491.59 0.0306
2492.55 0.0310
2493.52 0.0315
2494.48 0.0320
2495.45 0.0325
2496.41 0.0330
2497.38 0.0335
2498.34 0.0340
2499.30 0.0345
2500.27 0.0350
2501.23 0.0355
2502.20 0.0360
2503.16 0.0365
2504.13 0.0371
2505.09 0.0376
2506.05 0.0382
2507.02 0.0387
2507.98 0.0392
2508.95 0.0398
2509.91 0.0404
2510.87 0.0410
2511.84 0.0415
2512.80 0.0421
2513.77 0.0427
2514.73 0.0433
2515.70 0.0439
2516.66 0.0445
2517.62 0.0451
2518.59 0.0456
2519.55 0.0461
2520.52 0.0466
2521.48 0.0473
2522.45 0.0480
2523.41 0.0486
2524.37 0.0492
2525.34 0.0498
2526.30 0.0504
2527.27 0.0510
2528.23 0.0515
2529.20 0.0520
2530.16 0.0526
2531.12 0.0531
2532.09 0.0536
2533.05 0.0542
2534.02 0.0547
2534.98 0.0552
2535.95 0.0557
2536.91 0.0562
2537.87 0.0566
2538.84 0.0570
2539.80 0.0575
2540.77 0.0581
2541.73 0.0585
2542.69 0.0590
2543.66 0.0595
2544.62 0.0601
2545.59 0.0606
2546.55 0.0611
2547.52 0.0616
2548.48 0.0621
2549.44 0.0626
2550.41 0.0630
2551.37 0.0634
2552.34 0.0638
2553.30 0.0643
2554.27 0.0646
2555.23 0.0650
2556.19 0.0653
2557.16 0.0657
2558.12 0.0660
2559.09 0.0663
2560.05 0.0666
2561.02 0.0670
2561.98 0.0673
2562.94 0.0677
2563.91 0.0680
2564.87 0.0683
2565.84 0.0686
2566.80 0.0689
2567.76 0.0692
2568.73 0.0696
2569.69 0.0699
2570.66 0.0703
2571.62 0.0706
2572.59 0.0709
2573.55 0.0710
2574.51 0.0712
2575.48 0.0714
2576.44 0.0717
2577.41 0.0720
2578.37 0.0723
2579.34 0.0727
2580.30 0.0730
2581.26 0.0734
2582.23 0.0737
2583.19 0.0739
2584.16 0.0741
2585.12 0.0744
2586.09 0.0748
2587.05 0.0751
2588.01 0.0754
2588.98 0.0756
2589.94 0.0759
2590.91 0.0762
2591.87 0.0764
2592.84 0.0767
2593.80 0.0771
2594.76 0.0775
2595.73 0.0780
2596.69 0.0784
2597.66 0.0788
2598.62 0.0791
2599.58 0.0796
2600.55 0.0801
2601.51 0.0806
2602.48 0.0810
2603.44 0.0814
2604.41 0.0819
2605.37 0.0823
2606.33 0.0827
2607.30 0.0831
2608.26 0.0834
2609.23 0.0839
2610.19 0.0843
2611.16 0.0847
2612.12 0.0850
2613.08 0.0854
2614.05 0.0857
2615.01 0.0859
2615.98 0.0862
2616.94 0.0867
2617.91 0.0872
2618.87 0.0877
2619.83 0.0881
2620.80 0.0886
2621.76 0.0890
2622.73 0.0893
2623.69 0.0896
2624.66 0.0899
2625.62 0.0904
2626.58 0.0910
2627.55 0.0917
2628.51 0.0922
2629.48 0.0927
2630.44 0.0933
2631.40 0.0939
2632.37 0.0942
2633.33 0.0946
2634.30 0.0950
2635.26 0.0955
2636.23 0.0958
2637.19 0.0960
2638.15 0.0964
2639.12 0.0970
2640.08 0.0975
2641.05 0.0979
2642.01 0.0984
2642.98 0.0988
2643.94 0.0992
2644.90 0.0996
2645.87 0.1000
2646.83 0.1004
2647.80 0.1009
2648.76 0.1013
2649.73 0.1017
2650.69 0.1020
2651.65 0.1024
2652.62 0.1029
2653.58 0.1034
2654.55 0.1039
2655.51 0.1043
2656.47 0.1048
2657.44 0.1051
2658.40 0.1056
2659.37 0.1061
2660.33 0.1065
2661.30 0.1070
2662.26 0.1075
2663.22 0.1081
2664.19 0.1085
2665.15 0.1089
2666.12 0.1093
2667.08 0.1096
2668.05 0.1100
2669.01 0.1102
2669.97 0.1105
2670.94 0.1105
2671.90 0.1104
2672.87 0.1104
2673.83 0.1106
2674.80 0.1108
2675.76 0.1106
2676.72 0.1103
2677.69 0.1100
2678.65 0.1099
2679.62 0.1097
2680.58 0.1097
2681.55 0.1100
2682.51 0.1101
2683.47 0.1100
2684.44 0.1097
2685.40 0.1092
2686.37 0.1088
2687.33 0.1083
2688.29 0.1077
2689.26 0.1072
2690.22 0.1066
2691.19 0.1061
2692.15 0.1055
2693.12 0.1050
2694.08 0.1044
2695.04 0.1040
2696.01 0.1035
2696.97 0.1031
2697.94 0.1027
2698.90 0.1024
2699.87 0.1023
2700.83 0.1022
2701.79 0.1021
2702.76 0.1020
2703.72 0.1019
2704.69 0.1019
2705.65 0.1019
2706.62 0.1019
2707.58 0.1018
2708.54 0.1017
2709.51 0.1018
2710.47 0.1020
2711.44 0.1023
2712.40 0.1026
2713.37 0.1028
2714.33 0.1030
2715.29 0.1032
2716.26 0.1034
2717.22 0.1037
2718.19 0.1040
2719.15 0.1042
2720.11 0.1042
2721.08 0.1042
2722.04 0.1044
2723.01 0.1047
2723.97 0.1049
2724.94 0.1046
2725.90 0.1045
2726.86 0.1050
2727.83 0.1058
2728.79 0.1063
2729.76 0.1064
2730.72 0.1064
2731.69 0.1064
2732.65 0.1062
2733.61 0.1061
2734.58 0.1060
2735.54 0.1057
2736.51 0.1054
2737.47 0.1053
2738.44 0.1056
2739.40 0.1059
2740.36 0.1062
2741.33 0.1063
2742.29 0.1064
2743.26 0.1065
2744.22 0.1066
2745.19 0.1066
2746.15 0.1063
2747.11 0.1062
2748.08 0.1063
2749.04 0.1066
2750.01 0.1070
2750.97 0.1075
2751.93 0.1081
2752.90 0.1085
2753.86 0.1087
2754.83 0.1088
2755.79 0.1091
2756.76 0.1095
2757.72 0.1099
2758.68 0.1103
2759.65 0.1108
2760.61 0.1114
2761.58 0.1120
2762.54 0.1126
2763.51 0.1131
2764.47 0.1137
2765.43 0.1144
2766.40 0.1151
2767.36 0.1158
2768.33 0.1165
2769.29 0.1173
2770.26 0.1178
2771.22 0.1183
2772.18 0.1187
2773.15 0.1191
2774.11 0.1197
2775.08 0.1207
2776.04 0.1222
2777.00 0.1239
2777.97 0.1254
2778.93 0.1267
2779.90 0.1279
2780.86 0.1293
2781.83 0.1309
2782.79 0.1325
2783.75 0.1342
2784.72 0.1359
2785.68 0.1375
2786.65 0.1387
2787.61 0.1399
2788.58 0.1413
2789.54 0.1432
2790.50 0.1453
2791.47 0.1474
2792.43 0.1497
2793.40 0.1520
2794.36 0.1541
2795.33 0.1561
2796.29 0.1581
2797.25 0.1602
2798.22 0.1626
2799.18 0.1657
2800.15 0.1692
2801.11 0.1727
2802.08 0.1759
2803.04 0.1792
2804.00 0.1827
2804.97 0.1864
2805.93 0.1902
2806.90 0.1941
2807.86 0.1979
2808.82 0.2019
2809.79 0.2063
2810.75 0.2115
2811.72 0.2172
2812.68 0.2228
2813.65 0.2285
2814.61 0.2344
2815.57 0.2407
2816.54 0.2473
2817.50 0.2541
2818.47 0.2614
2819.43 0.2691
2820.40 0.2773
2821.36 0.2859
2822.32 0.2949
2823.29 0.3046
2824.25 0.3153
2825.22 0.3267
2826.18 0.3388
2827.15 0.3516
2828.11 0.3653
2829.07 0.3797
2830.04 0.3951
2831.00 0.4113
2831.97 0.4285
2832.93 0.4466
2833.90 0.4660
2834.86 0.4874
2835.82 0.5111
2836.79 0.5374
2837.75 0.5671
2838.72 0.6012
2839.68 0.6407
2840.64 0.6865
2841.61 0.7392
2842.57 0.7997
2843.54 0.8689
2844.50 0.9467
2845.47 1.0325
2846.43 1.1249
2847.39 1.2209
2848.36 1.3155
2849.32 1.4031
2850.29 1.4815
2851.25 1.5504
2852.22 1.6065
2853.18 1.6448
2854.14 1.6638
2855.11 1.6653
2856.07 1.6515
2857.04 1.6242
2858.00 1.5850
2858.97 1.5337
2859.93 1.4713
2860.89 1.4031
2861.86 1.3354
2862.82 1.2719
2863.79 1.2147
2864.75 1.1651
2865.71 1.1238
2866.68 1.0908
2867.64 1.0662
2868.61 1.0495
2869.57 1.0389
2870.54 1.0310
2871.50 1.0219
2872.46 1.0094
2873.43 0.9925
2874.39 0.9721
2875.36 0.9498
2876.32 0.9275
2877.29 0.9071
2878.25 0.8903
2879.21 0.8781
2880.18 0.8708
2881.14 0.8678
2882.11 0.8687
2883.07 0.8732
2884.04 0.8815
2885.00 0.8930
2885.96 0.9072
2886.93 0.9241
2887.89 0.9436
2888.86 0.9650
2889.82 0.9875
2890.79 1.0115
2891.75 1.0374
2892.71 1.0648
2893.68 1.0925
2894.64 1.1204
2895.61 1.1492
2896.57 1.1788
2897.53 1.2089
2898.50 1.2398
2899.46 1.2721
2900.43 1.3057
2901.39 1.3404
2902.36 1.3771
2903.32 1.4162
2904.28 1.4567
2905.25 1.4982
2906.21 1.5412
2907.18 1.5864
2908.14 1.6341
2909.11 1.6859
2910.07 1.7424
2911.03 1.8007
2912.00 1.8585
2912.96 1.9179
2913.93 1.9794
2914.89 2.0370
2915.86 2.0838
2916.82 2.1186
2917.78 2.1455
2918.75 2.1694
2919.71 2.1925
2920.68 2.2116
2921.64 2.2232
2922.61 2.2301
2923.57 2.2375
2924.53 2.2458
2925.50 2.2529
2926.46 2.2596
2927.43 2.2669
2928.39 2.2696
2929.35 2.2610
2930.32 2.2435
2931.28 2.2242
2932.25 2.2032
2933.21 2.1770
2934.18 2.1459
2935.14 2.1098
2936.10 2.0675
2937.07 2.0210
2938.03 1.9712
2939.00 1.9159
2939.96 1.8579
2940.93 1.8055
2941.89 1.7602
2942.85 1.7139
2943.82 1.6618
2944.78 1.6092
2945.75 1.5626
2946.71 1.5219
2947.68 1.4837
2948.64 1.4496
2949.60 1.4265
2950.57 1.4182
2951.53 1.4177
2952.50 1.4127
2953.46 1.3991
2954.43 1.3844
2955.39 1.3749
2956.35 1.3694
2957.32 1.3632
2958.28 1.3540
2959.25 1.3431
2960.21 1.3325
2961.17 1.3199
2962.14 1.2993
2963.10 1.2678
2964.07 1.2291
2965.03 1.1881
2966.00 1.1459
2966.96 1.1019
2967.92 1.0567
2968.89 1.0120
2969.85 0.9686
2970.82 0.9265
2971.78 0.8857
2972.75 0.8466
2973.71 0.8084
2974.67 0.7703
2975.64 0.7335
2976.60 0.6999
2977.57 0.6699
2978.53 0.6420
2979.50 0.6156
2980.46 0.5911
2981.42 0.5691
2982.39 0.5489
2983.35 0.5307
2984.32 0.5149
2985.28 0.5018
2986.24 0.4910
2987.21 0.4821
2988.17 0.4751
2989.14 0.4702
2990.10 0.4676
2991.07 0.4672
2992.03 0.4686
2992.99 0.4716
2993.96 0.4767
2994.92 0.4850
2995.89 0.4969
2996.85 0.5123
2997.82 0.5303
2998.78 0.5509
2999.74 0.5747
3000.71 0.6023
3001.67 0.6337
3002.64 0.6680
3003.60 0.7036
3004.57 0.7392
3005.53 0.7741
3006.49 0.8072
3007.46 0.8371
3008.42 0.8624
3009.39 0.8814
3010.35 0.8914
3011.32 0.8896
3012.28 0.8759
3013.24 0.8522
3014.21 0.8202
3015.17 0.7809
3016.14 0.7365
3017.10 0.6903
3018.06 0.6446
3019.03 0.6006
3019.99 0.5592
3020.96 0.5209
3021.92 0.4866
3022.89 0.4566
3023.85 0.4305
3024.81 0.4073
3025.78 0.3867
3026.74 0.3688
3027.71 0.3538
3028.67 0.3411
3029.64 0.3299
3030.60 0.3201
3031.56 0.3115
3032.53 0.3040
3033.49 0.2975
3034.46 0.2916
3035.42 0.2862
3036.39 0.2814
3037.35 0.2772
3038.31 0.2737
3039.28 0.2706
3040.24 0.2678
3041.21 0.2650
3042.17 0.2624
3043.14 0.2600
3044.10 0.2578
3045.06 0.2556
3046.03 0.2536
3046.99 0.2518
3047.96 0.2502
3048.92 0.2488
3049.88 0.2474
3050.85 0.2461
3051.81 0.2448
3052.78 0.2437
3053.74 0.2427
3054.71 0.2419
3055.67 0.2411
3056.63 0.2405
3057.60 0.2399
3058.56 0.2394
3059.53 0.2388
3060.49 0.2383
3061.46 0.2379
3062.42 0.2374
3063.38 0.2367
3064.35 0.2358
3065.31 0.2349
3066.28 0.2339
3067.24 0.2326
3068.21 0.2311
3069.17 0.2294
3070.13 0.2277
3071.10 0.2261
3072.06 0.2245
3073.03 0.2230
3073.99 0.2215
3074.95 0.2201
3075.92 0.2188
3076.88 0.2176
3077.85 0.2165
3078.81 0.2155
3079.78 0.2146
3080.74 0.2138
3081.70 0.2130
3082.67 0.2123
3083.63 0.2116
3084.60 0.2109
3085.56 0.2102
3086.53 0.2096
3087.49 0.2091
3088.45 0.2086
3089.42 0.2081
3090.38 0.2077
3091.35 0.2072
3092.31 0.2068
3093.28 0.2063
3094.24 0.2058
3095.20 0.2054
3096.17 0.2051
3097.13 0.2046
3098.10 0.2041
3099.06 0.2036
3100.03 0.2032
3100.99 0.2028
3101.95 0.2024
3102.92 0.2020
3103.88 0.2015
3104.85 0.2009
3105.81 0.2004
3106.77 0.1999
3107.74 0.1994
3108.70 0.1989
3109.67 0.1984
3110.63 0.1980
3111.60 0.1975
3112.56 0.1971
3113.52 0.1966
3114.49 0.1961
3115.45 0.1956
3116.42 0.1951
3117.38 0.1946
3118.35 0.1940
3119.31 0.1935
3120.27 0.1930
3121.24 0.1925
3122.20 0.1921
3123.17 0.1915
3124.13 0.1909
3125.10 0.1905
3126.06 0.1901
3127.02 0.1898
3127.99 0.1893
3128.95 0.1888
3129.92 0.1883
3130.88 0.1878
3131.85 0.1875
3132.81 0.1873
3133.77 0.1871
3134.74 0.1867
3135.70 0.1862
3136.67 0.1859
3137.63 0.1856
3138.59 0.1853
3139.56 0.1850
3140.52 0.1848
3141.49 0.1845
3142.45 0.1841
3143.42 0.1838
3144.38 0.1835
3145.34 0.1834
3146.31 0.1834
3147.27 0.1833
3148.24 0.1831
3149.20 0.1828
3150.17 0.1824
3151.13 0.1821
3152.09 0.1820
3153.06 0.1820
3154.02 0.1819
3154.99 0.1818
3155.95 0.1817
3156.92 0.1817
3157.88 0.1815
3158.84 0.1813
3159.81 0.1811
3160.77 0.1810
3161.74 0.1808
3162.70 0.1807
3163.66 0.1807
3164.63 0.1807
3165.59 0.1806
3166.56 0.1804
3167.52 0.1802
3168.49 0.1802
3169.45 0.1802
3170.41 0.1802
3171.38 0.1801
3172.34 0.1800
3173.31 0.1799
3174.27 0.1797
3175.24 0.1796
3176.20 0.1795
3177.16 0.1795
3178.13 0.1795
3179.09 0.1794
3180.06 0.1792
3181.02 0.1791
3181.99 0.1789
3182.95 0.1787
3183.91 0.1786
3184.88 0.1786
3185.84 0.1786
3186.81 0.1785
3187.77 0.1784
3188.74 0.1781
3189.70 0.1779
3190.66 0.1778
3191.63 0.1777
3192.59 0.1775
3193.56 0.1774
3194.52 0.1772
3195.48 0.1770
3196.45 0.1768
3197.41 0.1767
3198.38 0.1765
3199.34 0.1764
3200.31 0.1762
3201.27 0.1759
3202.23 0.1757
3203.20 0.1754
3204.16 0.1752
3205.13 0.1749
3206.09 0.1748
3207.06 0.1747
3208.02 0.1746
3208.98 0.1745
3209.95 0.1742
3210.91 0.1738
3211.88 0.1735
3212.84 0.1733
3213.81 0.1732
3214.77 0.1731
3215.73 0.1727
3216.70 0.1723
3217.66 0.1720
3218.63 0.1718
3219.59 0.1717
3220.56 0.1716
3221.52 0.1714
3222.48 0.1713
3223.45 0.1711
3224.41 0.1709
3225.38 0.1708
3226.34 0.1706
3227.30 0.1704
3228.27 0.1702
3229.23 0.1699
3230.20 0.1697
3231.16 0.1694
3232.13 0.1689
3233.09 0.1685
3234.05 0.1682
3235.02 0.1682
3235.98 0.1682
3236.95 0.1681
3237.91 0.1680
3238.88 0.1679
3239.84 0.1678
3240.80 0.1676
3241.77 0.1674
3242.73 0.1672
3243.70 0.1670
3244.66 0.1667
3245.63 0.1662
3246.59 0.1659
3247.55 0.1657
3248.52 0.1657
3249.48 0.1657
3250.45 0.1658
3251.41 0.1658
3252.38 0.1657
3253.34 0.1655
3254.30 0.1652
3255.27 0.1649
3256.23 0.1647
3257.20 0.1648
3258.16 0.1648
3259.12 0.1647
3260.09 0.1646
3261.05 0.1645
3262.02 0.1644
3262.98 0.1643
3263.95 0.1642
3264.91 0.1640
3265.87 0.1639
3266.84 0.1637
3267.80 0.1633
3268.77 0.1629
3269.73 0.1625
3270.70 0.1624
3271.66 0.1626
3272.62 0.1627
3273.59 0.1628
3274.55 0.1628
3275.52 0.1631
3276.48 0.1633
3277.45 0.1634
3278.41 0.1635
3279.37 0.1634
3280.34 0.1634
3281.30 0.1633
3282.27 0.1633
3283.23 0.1633
3284.19 0.1632
3285.16 0.1631
3286.12 0.1631
3287.09 0.1631
3288.05 0.1629
3289.02 0.1625
3289.98 0.1618
3290.94 0.1611
3291.91 0.1609
3292.87 0.1610
3293.84 0.1609
3294.80 0.1606
3295.77 0.1604
3296.73 0.1607
3297.69 0.1609
3298.66 0.1610
3299.62 0.1607
3300.59 0.1604
3301.55 0.1600
3302.52 0.1594
3303.48 0.1587
3304.44 0.1581
3305.41 0.1578
3306.37 0.1576
3307.34 0.1576
3308.30 0.1578
3309.27 0.1581
3310.23 0.1583
3311.19 0.1585
3312.16 0.1587
3313.12 0.1587
3314.09 0.1587
3315.05 0.1586
3316.01 0.1584
3316.98 0.1582
3317.94 0.1580
3318.91 0.1579
3319.87 0.1578
3320.84 0.1575
3321.80 0.1572
3322.76 0.1568
3323.73 0.1562
3324.69 0.1557
3325.66 0.1557
3326.62 0.1561
3327.59 0.1566
3328.55 0.1567
3329.51 0.1565
3330.48 0.1564
3331.44 0.1562
3332.41 0.1561
3333.37 0.1559
3334.34 0.1555
3335.30 0.1550
3336.26 0.1544
3337.23 0.1538
3338.19 0.1534
3339.16 0.1536
3340.12 0.1540
3341.09 0.1541
3342.05 0.1539
3343.01 0.1537
3343.98 0.1540
3344.94 0.1543
3345.91 0.1543
3346.87 0.1540
3347.83 0.1535
3348.80 0.1527
3349.76 0.1518
3350.73 0.1516
3351.69 0.1521
3352.66 0.1528
3353.62 0.1531
3354.58 0.1531
3355.55 0.1530
3356.51 0.1528
3357.48 0.1524
3358.44 0.1515
3359.41 0.1507
3360.37 0.1504
3361.33 0.1507
3362.30 0.1510
3363.26 0.1508
3364.23 0.1501
3365.19 0.1491
3366.16 0.1483
3367.12 0.1477
3368.08 0.1473
3369.05 0.1470
3370.01 0.1471
3370.98 0.1476
3371.94 0.1483
3372.90 0.1487
3373.87 0.1485
3374.83 0.1479
3375.80 0.1474
3376.76 0.1474
3377.73 0.1476
3378.69 0.1474
3379.65 0.1471
3380.62 0.1472
3381.58 0.1478
3382.55 0.1482
3383.51 0.1482
3384.48 0.1480
3385.44 0.1479
3386.40 0.1475
3387.37 0.1469
3388.33 0.1461
3389.30 0.1451
3390.26 0.1440
3391.23 0.1435
3392.19 0.1438
3393.15 0.1444
3394.12 0.1448
3395.08 0.1451
3396.05 0.1453
3397.01 0.1450
3397.98 0.1440
3398.94 0.1428
3399.90 0.1421
3400.87 0.1421
3401.83 0.1429
3402.80 0.1440
3403.76 0.1449
3404.72 0.1454
3405.69 0.1455
3406.65 0.1450
3407.62 0.1441
3408.58 0.1436
3409.55 0.1438
3410.51 0.1440
3411.47 0.1435
3412.44 0.1430
3413.40 0.1436
3414.37 0.1446
3415.33 0.1455
3416.30 0.1460
3417.26 0.1461
3418.22 0.1457
3419.19 0.1450
3420.15 0.1448
3421.12 0.1452
3422.08 0.1456
3423.05 0.1457
3424.01 0.1454
3424.97 0.1449
3425.94 0.1442
3426.90 0.1433
3427.87 0.1424
3428.83 0.1416
3429.80 0.1413
3430.76 0.1417
3431.72 0.1420
3432.69 0.1418
3433.65 0.1409
3434.62 0.1401
3435.58 0.1398
3436.54 0.1402
3437.51 0.1411
3438.47 0.1423
3439.44 0.1433
3440.40 0.1439
3441.37 0.1441
3442.33 0.1442
3443.29 0.1441
3444.26 0.1439
3445.22 0.1437
3446.19 0.1436
3447.15 0.1437
3448.12 0.1438
3449.08 0.1439
3450.04 0.1438
3451.01 0.1437
3451.97 0.1438
3452.94 0.1438
3453.90 0.1437
3454.87 0.1437
3455.83 0.1437
3456.79 0.1433
3457.76 0.1424
3458.72 0.1412
3459.69 0.1406
3460.65 0.1411
3461.62 0.1419
3462.58 0.1421
3463.54 0.1414
3464.51 0.1404
3465.47 0.1393
3466.44 0.1383
3467.40 0.1375
3468.36 0.1372
3469.33 0.1374
3470.29 0.1381
3471.26 0.1389
3472.22 0.1393
3473.19 0.1392
3474.15 0.1387
3475.11 0.1383
3476.08 0.1377
3477.04 0.1368
3478.01 0.1352
3478.97 0.1337
3479.94 0.1334
3480.90 0.1340
3481.86 0.1346
3482.83 0.1342
3483.79 0.1330
3484.76 0.1313
3485.72 0.1299
3486.69 0.1292
3487.65 0.1292
3488.61 0.1293
3489.58 0.1287
3490.54 0.1278
3491.51 0.1268
3492.47 0.1256
3493.43 0.1246
3494.40 0.1238
3495.36 0.1230
3496.33 0.1220
3497.29 0.1210
3498.26 0.1206
3499.22 0.1206
3500.18 0.1200
3501.15 0.1187
3502.11 0.1177
3503.08 0.1179
3504.04 0.1184
3505.01 0.1182
3505.97 0.1176
3506.93 0.1172
3507.90 0.1171
3508.86 0.1168
3509.83 0.1159
3510.79 0.1144
3511.76 0.1125
3512.72 0.1108
3513.68 0.1100
3514.65 0.1099
3515.61 0.1097
3516.58 0.1092
3517.54 0.1086
3518.51 0.1080
3519.47 0.1073
3520.43 0.1062
3521.40 0.1047
3522.36 0.1032
3523.33 0.1020
3524.29 0.1015
3525.25 0.1015
3526.22 0.1014
3527.18 0.1009
3528.15 0.1000
3529.11 0.0988
3530.08 0.0976
3531.04 0.0964
3532.00 0.0952
3532.97 0.0939
3533.93 0.0926
3534.90 0.0913
3535.86 0.0902
3536.83 0.0893
3537.79 0.0886
3538.75 0.0876
3539.72 0.0863
3540.68 0.0847
3541.65 0.0833
3542.61 0.0821
3543.58 0.0809
3544.54 0.0797
3545.50 0.0787
3546.47 0.0783
3547.43 0.0778
3548.40 0.0766
3549.36 0.0749
3550.33 0.0736
3551.29 0.0728
3552.25 0.0722
3553.22 0.0712
3554.18 0.0699
3555.15 0.0685
3556.11 0.0671
3557.07 0.0658
3558.04 0.0646
3559.00 0.0635
3559.97 0.0622
3560.93 0.0608
3561.90 0.0600
3562.86 0.0595
3563.82 0.0591
3564.79 0.0587
3565.75 0.0586
3566.72 0.0580
3567.68 0.0560
3568.65 0.0534
3569.61 0.0513
3570.57 0.0499
3571.54 0.0490
3572.50 0.0480
3573.47 0.0468
3574.43 0.0457
3575.40 0.0448
3576.36 0.0437
3577.32 0.0426
3578.29 0.0415
3579.25 0.0402
3580.22 0.0386
3581.18 0.0373
3582.14 0.0363
3583.11 0.0354
3584.07 0.0343
3585.04 0.0337
3586.00 0.0339
3586.97 0.0344
3587.93 0.0338
3588.89 0.0318
3589.86 0.0299
3590.82 0.0285
3591.79 0.0276
3592.75 0.0272
3593.72 0.0269
3594.68 0.0265
3595.64 0.0257
3596.61 0.0244
3597.57 0.0231
3598.54 0.0220
3599.50 0.0213
3600.47 0.0207
3601.43 0.0199
3602.39 0.0188
3603.36 0.0177
3604.32 0.0169
3605.29 0.0165
3606.25 0.0166
3607.22 0.0170
3608.18 0.0167
3609.14 0.0155
3610.11 0.0141
3611.07 0.0134
3612.04 0.0135
3613.00 0.0135
3613.96 0.0124
3614.93 0.0109
3615.89 0.0100
3616.86 0.0100
3617.82 0.0103
3618.79 0.0098
3619.75 0.0082
3620.71 0.0064
3621.68 0.0052
3622.64 0.0043
3623.61 0.0036
3624.57 0.0031
3625.54 0.0028
3626.50 0.0030
3627.46 0.0042
3628.43 0.0057
3629.39 0.0043
3630.36 0.0010
3631.32 -0.0011
3632.29 -0.0020
3633.25 -0.0026
3634.21 -0.0035
3635.18 -0.0046
3636.14 -0.0053
3637.11 -0.0056
3638.07 -0.0060
3639.04 -0.0066
3640.00 -0.0072
3640.96 -0.0074
3641.93 -0.0077
3642.89 -0.0083
3643.86 -0.0091
3644.82 -0.0094
3645.78 -0.0085
3646.75 -0.0070
3647.71 -0.0067
3648.68 -0.0077
3649.64 -0.0089
3650.61 -0.0098
3651.57 -0.0112
3652.53 -0.0126
3653.50 -0.0135
3654.46 -0.0136
3655.43 -0.0133
3656.39 -0.0138
3657.36 -0.0153
3658.32 -0.0167
3659.28 -0.0174
3660.25 -0.0176
3661.21 -0.0177
3662.18 -0.0177
3663.14 -0.0177
3664.11 -0.0179
3665.07 -0.0183
3666.03 -0.0185
3667.00 -0.0184
3667.96 -0.0175
3668.93 -0.0161
3669.89 -0.0153
3670.85 -0.0165
3671.82 -0.0185
3672.78 -0.0195
3673.75 -0.0189
3674.71 -0.0166
3675.68 -0.0164
3676.64 -0.0188
3677.60 -0.0204
3678.57 -0.0211
3679.53 -0.0217
3680.50 -0.0226
3681.46 -0.0235
3682.43 -0.0240
3683.39 -0.0243
3684.35 -0.0249
3685.32 -0.0255
3686.28 -0.0260
3687.25 -0.0260
3688.21 -0.0256
3689.18 -0.0251
3690.14 -0.0249
3691.10 -0.0253
3692.07 -0.0265
3693.03 -0.0277
3694.00 -0.0287
3694.96 -0.0292
3695.93 -0.0294
3696.89 -0.0294
3697.85 -0.0297
3698.82 -0.0301
3699.78 -0.0300
3700.75 -0.0294
3701.71 -0.0292
3702.67 -0.0300
3703.64 -0.0310
3704.60 -0.0314
3705.57 -0.0315
3706.53 -0.0313
3707.50 -0.0309
3708.46 -0.0302
3709.42 -0.0296
3710.39 -0.0288
3711.35 -0.0284
3712.32 -0.0291
3713.28 -0.0306
3714.25 -0.0318
3715.21 -0.0324
3716.17 -0.0327
3717.14 -0.0325
3718.10 -0.0321
3719.07 -0.0318
3720.03 -0.0318
3721.00 -0.0315
3721.96 -0.0310
3722.92 -0.0310
3723.89 -0.0314
3724.85 -0.0312
3725.82 -0.0308
3726.78 -0.0310
3727.75 -0.0318
3728.71 -0.0322
3729.67 -0.0319
3730.64 -0.0311
3731.60 -0.0304
3732.57 -0.0304
3733.53 -0.0302
3734.49 -0.0294
3735.46 -0.0292
3736.42 -0.0306
3737.39 -0.0322
3738.35 -0.0329
3739.32 -0.0327
3740.28 -0.0324
3741.24 -0.0323
3742.21 -0.0321
3743.17 -0.0304
3744.14 -0.0275
3745.10 -0.0278
3746.07 -0.0302
3747.03 -0.0311
3747.99 -0.0305
3748.96 -0.0293
3749.92 -0.0288
3750.89 -0.0284
3751.85 -0.0284
3752.82 -0.0303
3753.78 -0.0321
3754.74 -0.0327
3755.71 -0.0326
3756.67 -0.0327
3757.64 -0.0329
3758.60 -0.0327
3759.57 -0.0325
3760.53 -0.0329
3761.49 -0.0337
3762.46 -0.0340
3763.42 -0.0339
3764.39 -0.0333
3765.35 -0.0329
3766.31 -0.0335
3767.28 -0.0342
3768.24 -0.0342
3769.21 -0.0333
3770.17 -0.0329
3771.14 -0.0335
3772.10 -0.0343
3773.06 -0.0346
3774.03 -0.0347
3774.99 -0.0347
3775.96 -0.0347
3776.92 -0.0347
3777.89 -0.0346
3778.85 -0.0343
3779.81 -0.0341
3780.78 -0.0343
3781.74 -0.0346
3782.71 -0.0345
3783.67 -0.0342
3784.64 -0.0338
3785.60 -0.0339
3786.56 -0.0343
3787.53 -0.0347
3788.49 -0.0350
3789.46 -0.0351
3790.42 -0.0350
3791.38 -0.0348
3792.35 -0.0345
3793.31 -0.0345
3794.28 -0.0343
3795.24 -0.0337
3796.21 -0.0328
3797.17 -0.0327
3798.13 -0.0331
3799.10 -0.0331
3800.06 -0.0321
3801.03 -0.0304
3801.99 -0.0305
3802.96 -0.0322
3803.92 -0.0336
3804.88 -0.0337
3805.85 -0.0327
3806.81 -0.0319
3807.78 -0.0327
3808.74 -0.0338
3809.71 -0.0343
3810.67 -0.0344
3811.63 -0.0344
3812.60 -0.0343
3813.56 -0.0339
3814.53 -0.0328
3815.49 -0.0313
3816.46 -0.0312
3817.42 -0.0324
3818.38 -0.0332
3819.35 -0.0325
3820.31 -0.0305
3821.28 -0.0299
3822.24 -0.0314
3823.20 -0.0327
3824.17 -0.0332
3825.13 -0.0330
3826.10 -0.0324
3827.06 -0.0324
3828.03 -0.0330
3828.99 -0.0334
3829.95 -0.0330
3830.92 -0.0323
3831.88 -0.0324
3832.85 -0.0328
3833.81 -0.0329
3834.78 -0.0329
3835.74 -0.0327
3836.70 -0.0319
3837.67 -0.0307
3838.63 -0.0301
3839.60 -0.0304
3840.56 -0.0311
3841.53 -0.0319
3842.49 -0.0325
3843.45 -0.0328
3844.42 -0.0332
3845.38 -0.0337
3846.35 -0.0339
3847.31 -0.0336
3848.28 -0.0331
3849.24 -0.0328
3850.20 -0.0324
3851.17 -0.0313
3852.13 -0.0289
3853.10 -0.0267
3854.06 -0.0279
3855.02 -0.0302
3855.99 -0.0314
3856.95 -0.0318
3857.92 -0.0325
3858.88 -0.0332
3859.85 -0.0333
3860.81 -0.0325
3861.77 -0.0318
3862.74 -0.0316
3863.70 -0.0310
3864.67 -0.0302
3865.63 -0.0306
3866.60 -0.0318
3867.56 -0.0322
3868.52 -0.0308
3869.49 -0.0289
3870.45 -0.0297
3871.42 -0.0314
3872.38 -0.0320
3873.35 -0.0315
3874.31 -0.0312
3875.27 -0.0320
3876.24 -0.0328
3877.20 -0.0331
3878.17 -0.0328
3879.13 -0.0319
3880.09 -0.0307
3881.06 -0.0307
3882.02 -0.0316
3882.99 -0.0324
3883.95 -0.0325
3884.92 -0.0319
3885.88 -0.0313
3886.84 -0.0316
3887.81 -0.0324
3888.77 -0.0328
3889.74 -0.0322
3890.70 -0.0312
3891.67 -0.0311
3892.63 -0.0318
3893.59 -0.0322
3894.56 -0.0325
3895.52 -0.0327
3896.49 -0.0326
3897.45 -0.0317
3898.42 -0.0306
3899.38 -0.0301
3900.34 -0.0303
3901.31 -0.0303
3902.27 -0.0300
3903.24 -0.0299
3904.20 -0.0301
3905.17 -0.0304
3906.13 -0.0310
3907.09 -0.0317
3908.06 -0.0322
3909.02 -0.0325
3909.99 -0.0326
3910.95 -0.0326
3911.91 -0.0324
3912.88 -0.0323
3913.84 -0.0324
3914.81 -0.0322
3915.77 -0.0315
3916.74 -0.0309
3917.70 -0.0310
3918.66 -0.0311
3919.63 -0.0309
3920.59 -0.0309
3921.56 -0.0311
3922.52 -0.0311
3923.49 -0.0306
3924.45 -0.0303
3925.41 -0.0306
3926.38 -0.0311
3927.34 -0.0312
3928.31 -0.0308
3929.27 -0.0304
3930.24 -0.0302
3931.20 -0.0300
3932.16 -0.0299
3933.13 -0.0302
3934.09 -0.0307
3935.06 -0.0310
3936.02 -0.0309
3936.99 -0.0307
3937.95 -0.0305
3938.91 -0.0304
3939.88 -0.0303
3940.84 -0.0300
3941.81 -0.0295
3942.77 -0.0292
3943.73 -0.0295
3944.70 -0.0300
3945.66 -0.0300
3946.63 -0.0298
3947.59 -0.0295
3948.56 -0.0294
3949.52 -0.0293
3950.48 -0.0295
3951.45 -0.0296
3952.41 -0.0297
3953.38 -0.0296
3954.34 -0.0296
3955.31 -0.0297
3956.27 -0.0297
3957.23 -0.0296
3958.20 -0.0295
3959.16 -0.0295
3960.13 -0.0294
3961.09 -0.0293
3962.06 -0.0292
3963.02 -0.0292
3963.98 -0.0293
3964.95 -0.0295
3965.91 -0.0297
3966.88 -0.0298
3967.84 -0.0295
3968.81 -0.0292
3969.77 -0.0292
3970.73 -0.0294
3971.70 -0.0295
3972.66 -0.0294
3973.63 -0.0293
3974.59 -0.0292
3975.55 -0.0291
3976.52 -0.0290
3977.48 -0.0290
3978.45 -0.0290
3979.41 -0.0289
3980.38 -0.0289
3981.34 -0.0290
3982.30 -0.0292
3983.27 -0.0294
3984.23 -0.0294
3985.20 -0.0291
3986.16 -0.0289
3987.13 -0.0289
3988.09 -0.0288
3989.05 -0.0285
3990.02 -0.0282
3990.98 -0.0282
3991.95 -0.0283
3992.91 -0.0283
3993.88 -0.0282
3994.84 -0.0282
3995.80 -0.0283
3996.77 -0.0283
3997.73 -0.0281
3998.70 -0.0279
3999.66 -0.0278
